John F. Kennedy,Democrat,Richard Nixon,Republican,Unpledged electors,Democrat,Eric Hass,Socialist Labor
Alabama,11,318303,0.5639,5,237981,0.4216,0,324050,0.0000,6,0,0,0
Alaska,3,29809,0.4906,0,30953,0.5094,3,0,0,0,0,0,0
Arizona,4,176781,0.4436,0,221241,0.5552,4,0,0,0,469,0.0012,0
Arkansas,8,215049,0.5019,8,184508,0.4306,0,0,0,0,0,0,0
California,32,3224099,0.4955,0,3259722,0.5010,32,0,0,0,1051,0.0002,0
Colorado,6,330629,0.4491,0,402242,0.5463,6,0,0,0,2803,0.0038,0
Connecticut,8,657055,0.5373,8,565813,0.4627,0,0,0,0,0,0,0
Delaware,3,99590,0.5063,3,96373,0.4900,0,0,0,0,82,0.0004,0
Florida,10,748700,0.4849,0,795476,0.5151,10,0,0,0,0,0,0
Georgia,12,458638,0.6254,12,274472,0.3743,0,0,0,0,0,0,0
Hawaii,3,92410,0.5003,3,92295,0.4997,0,0,0,0,0,0,0
Idaho,4,138853,0.4622,0,161597,0.5378,4,0,0,0,0,0,0
Illinois,27,2377846,0.4998,27,2368988,0.4980,0,0,0,0,10560,0.0022,0
Indiana,13,952358,0.4460,0,1175120,0.5503,13,0,0,0,1136,0.0005,0
Iowa,10,550565,0.4322,0,722381,0.5671,10,0,0,0,230,0.0002,0
Kansas,8,363213,0.3910,0,561474,0.6045,8,0,0,0,0,0,0
Kentucky,10,521855,0.4641,0,602607,0.5359,10,0,0,0,0,0,0
Louisiana,10,407339,0.5042,10,230980,0.2859,0,169572,0.2099,0,0,0,0
Maine,5,181159,0.4295,0,240608,0.5705,5,0,0,0,0,0,0
Maryland,9,565808,0.5361,9,489538,0.4639,0,0,0,0,0,0,0
Massachusetts,16,1487174,0.6022,16,976750,0.3955,0,0,0,0,3892,0.0016,0
Michigan,20,1687269,0.5085,20,1620428,0.4884,0,539,0.0002,0,1718,0.0005,0
Minnesota,11,779933,0.5058,11,757915,0.4916,0,0,0,0,962,0.0006,0
Mississippi,8,108362,0.3634,0,73561,0.2467,0,116248,0.3899,8,0,0,0
Missouri,13,972201,0.5026,13,962221,0.4974,0,0,0,0,0,0,0
Montana,4,134891,0.4860,0,141841,0.5110,4,0,0,0,0,0,0
Nebraska,6,232542,0.3793,0,380553,0.6207,6,0,0,0,0,0,0
Nevada,3,54880,0.5116,3,52387,0.4884,0,0,0,0,0,0,0
New Hampshire,4,137772,0.4658,0,157989,0.5342,4,0,0,0,0,0,0
New Jersey,16,1385415,0.4996,16,1363324,0.4916,0,0,0,0,4262,0.0015,0
New Mexico,4,156027,0.5015,4,153733,0.4941,0,0,0,0,570,0.0018,0
New York,45,3830085,0.5253,45,3446419,0.4727,0,0,0,0,0,0,0
North Carolina,14,713136,0.5211,14,655420,0.4789,0,0,0,0,0,0,0
North Dakota,4,123963,0.4452,0,154310,0.5542,4,0,0,0,0,0,0
Ohio,25,1944248,0.4672,0,2217611,0.5328,25,0,0,0,0,0,0
Oklahoma,8,370111,0.4098,0,533039,0.5902,7,0,0.0000,1,0,0,0
Oregon,6,367402,0.4732,0,408060,0.5256,6,0,0,0,0,0,0
Pennsylvania,32,2556282,0.5106,32,2439956,0.4874,0,0,0,0,7185,0.0014,0
Rhode Island,4,258032,0.6363,4,147502,0.3637,0,0,0,0,0,0,0
South Carolina,8,198129,0.5124,8,188558,0.4876,0,0,0,0,0,0,0
South Dakota,4,128070,0.4179,0,178417,0.5821,4,0,0,0,0,0,0
Tennessee,11,481453,0.4577,0,556577,0.5292,11,0,0,0,0,0,0
Texas,24,1167567,0.5052,24,1121310,0.4852,0,0,0,0,0,0,0
Utah,4,169248,0.4517,0,205361,0.5481,4,0,0,0,0,0,0
Vermont,3,69186,0.4135,0,98131,0.5865,3,0,0,0,0,0,0
Virginia,12,362327,0.4697,0,404521,0.5244,12,0,0,0,397,0.0005,0
Washington,9,599298,0.4827,0,629273,0.5068,9,0,0,0,10895,0.0088,0
West Virginia,8,441786,0.5273,8,395995,0.4727,0,0,0,0,0,0,0
Wisconsin,12,830805,0.4805,0,895175,0.5177,12,0,0,0,1310,0.0008,0
Wyoming,3,63331,0.4499,0,77451,0.5501,3,0,0,0,0,0,0
Total,537,34220984,0.4972,303,34108157,0.4955,219,610409,0.0042,15,47522,0.0007,0
