Lyndon B. Johnson,Democrat,Barry Goldwater,Republican,Unpledged Electors,Unpledged Democrat,Eric Hass,Socialist Labor
Alabama,10,0,0,0,479085,0.6945,10,210732,0.3055,0,0,0,0
Alaska,3,44329,0.6591,3,22930,0.3409,0,0,0,0,0,0,0
Arizona,5,237753,0.4945,0,242535,0.5045,5,0,0,0,482,0.0010,0,
Arkansas,6,314197,0.5606,6,243264,0.4341,0,0,0,0,0,0,0
California,40,4171877,0.5911,40,2879108,0.4079,0,0,0,0,489,0.0001,0
Colorado,6,476024,0.6127,6,296767,0.3819,0,0,0,0,302,0.0004,0
Connecticut,8,826269,0.6781,8,390996,0.3209,0,0,0,0,0,0,0
Delaware,3,122704,0.6095,3,78078,0.3878,0,0,0,0,113,0.0006,0
D.C,3,169796,0.8550,3,28801,0.1450,0,0,0,0,0,0,0
Florida,14,948540,0.5115,14,905941,0.4885,0,0,0,0,0,0,0
Georgia,12,522557,0.4587,0,616584,0.5412,12,0,0,0,0,0,0
Hawaii,4,163249,0.7876,4,44022,0.2124,0,0,0,0,0,0,0
Idaho,4,148920,0.5092,4,143557,0.4908,0,0,0,0,0,0,0
Illinois,26,2796833,0.5947,26,1905946,0.4053,0,0,0,0,0,0,0
Indiana,13,1170848,0.5598,13,911118,0.4356,0,0,0,0,1374,0.0007,0
Iowa,9,733030,0.6188,9,449148,0.3792,0,0,0,0,182,0.0002,0
Kansas,7,464028,0.5409,7,386579,0.4506,0,0,0,0,1901,0.0022,0
Kentucky,9,669659,0.6401,9,372977,0.3565,0,0,0,0,0,0,0
Louisiana,10,387068,0.4319,0,509225,0.5681,10,0,0,0,0,0,0
Maine,4,262264,0.6884,4,118701,0.3116,0,0,0,0,0,0,0
Maryland,10,730912,0.6547,10,385495,0.3453,0,0,0,0,1,0.0000,0
Massachusetts,14,1786422,0.7619,14,549727,0.2344,0,0,0,0,4755,0.0020,0
Michigan,21,2136615,0.6670,21,1060152,0.3310,0,0,0,0,1704,0.0005,0
Minnesota,10,991117,0.6376,10,559624,0.3600,0,0,0,0,2544,0.0016,0
Mississippi,7,52618,0.1286,0,356528,0.8714,7,0,0,0,0,0,0
Missouri,12,1164344,0.6405,12,653535,0.3595,0,0,0,0,0,0,0
Montana,4,164246,0.5895,4,113032,0.4057,0,0,0,0,0,0,0
Nebraska,5,307307,0.5261,5,276847,0.4739,0,0,0,0,0,0,0
Nevada,3,79339,0.5858,3,56094,0.4142,0,0,0,0,0,0,0
New Hampshire,4,184064,0.6389,4,104029,0.3611,0,0,0,0,0,0,0
New Jersey,17,1867671,0.6561,17,963843,0.3386,0,0,0,0,7075,0.0025,0
New Mexico,4,194017,0.5922,4,131838,0.4024,0,0,0,0,1217,0.0037,0
New York,43,4913156,0.6856,43,2243559,0.3131,0,0,0,0,6085,0.0008,0
North Carolina,13,800139,0.5615,13,624844,0.4385,0,0,0,0,0,0,0
North Dakota,4,149784,0.5797,4,108207,0.4188,0,0,0,0,0,0,0
Ohio,26,2498331,0.6294,26,1470865,0.3706,0,0,0,0,0,0,0
Oklahoma,8,519834,0.5575,8,412665,0.4425,0,0,0,0,0,0,0
Oregon,6,501017,0.6372,6,282779,0.3596,0,0,0,0,0,0,0
Pennsylvania,29,3130954,0.6492,29,1673657,0.3470,0,0,0,0,5092,0.0011,0
Rhode Island,4,315463,0.8087,4,74615,0.1913,0,0,0,0,2,0.0000,0
South Carolina,8,215700,0.4110,0,309048,0.5889,8,0,0,0,0,0,0
South Dakota,4,163010,0.5561,4,130108,0.4439,0,0,0,0,0,0,0
Tennessee,11,634947,0.5550,11,508965,0.4449,0,0,0,0,0,0,0
Texas,25,1663185,0.6332,25,958566,0.3649,0,0,0,0,0,0,0
Utah,4,219628,0.5486,4,180682,0.4514,0,0,0,0,0,0,0
Vermont,3,108127,0.6630,3,54942,0.3369,0,0,0,0,0,0,0
Virginia,12,558038,0.5354,12,481334,0.4618,0,0,0,0,2895,0.0028,0
Washington,9,779881,0.6197,9,470366,0.3737,0,0,0,0,7772,0.0062,0
West Virginia,7,538087,0.6794,7,253953,0.3206,0,0,0,0,0,0,0
Wisconsin,12,1050424,0.6209,12,638495,0.3774,0,0,0,0,1204,0.0007,0
Wyoming,3,80718,0.5656,3,61998,0.4344,0,0,0,0,0,0,0
Total,538,43127041,0.6105,486,27175754,0.3847,52,210732,0.0030,0,45189,0.0006,0
