Richard Nixon,Republican,George McGovern,Democrat,John Schmitz,American Independent,John Hospers,Libertarian
Alabama,9,728701,0.7243,9,256923,0.2554,0,11918,0.0118,0,0,0.00,0
Alaska,3,55349,0.5813,3,32967,0.3462,0,6903,0.0725,0,0,0.00,0
Arizona,6,402812,0.6164,6,198540,0.3038,0,21208,0.0325,0,0,0.00,0
Arkansas,6,445751,0.6882,6,198899,0.3071,0,3016,0.0047,0,0,0.00,0
California,45,4602096,0.5500,45,3475847,0.4154,0,232554,0.0278,0,980,0.00.001,0
Colorado,7,597189,0.6261,7,329980,0.3459,0,17269,0.0181,0,1111,0.00.012,0
Connecticut,8,810763,0.5857,8,555498,0.4013,0,17239,0.0125,0,0,0.00,0
Delaware,3,140357,0.5960,3,92283,0.3918,0,2638,0.0112,0,0,0.00,0
D.C,3,35226,0.2156,0,127627,0.7810,3,0,0,00,0,0.00,0
Florida,17,1857759,0.7191,17,718117,0.2780,0,0,0,00,0,0.00,0
Georgia,12,881496,0.7504,12,289529,0.2465,0,812,0.0007,0,0,0.00,0
Hawaii,4,168865,0.6248,4,101409,0.3752,0,0,0,00,0,0.00,0
Idaho,4,199384,0.6424,4,80826,0.2604,0,28869,0.0930,0,0,0.00,0
Illinois,26,2788179,0.5903,26,1913472,0.4051,0,2471,0.0005,0,0,0.00,0,
Indiana,13,1405154,0.6611,13,708568,0.3334,0,0,0,00,0,0.00,0,
Iowa,8,706207,0.5761,8,496206,0.4048,0,22056,0.0180,0,0,0.00,0
Kansas,7,619812,0.6766,7,270287,0.2950,0,21808,0.0238,0,0,0.00,0
Kentucky,9,676446,0.6337,9,371159,0.3477,0,17627,0.0165,0,0,0.00,0
Louisiana,10,686852,0.6532,10,298142,0.2835,0,52099,0.0495,0,0,0.00,0
Maine,4,256458,0.6146,4,160584,0.3848,0,117,0.0003,0,1,0.0000,0
Maryland,10,829305,0.6126,10,505781,0.3736,0,18726,0.0138,0,0,0.00,0
Massachusetts,14,1112078,0.4523,0,1332540,0.5420,14,2877,0.0012,0,43,0.0000,0
Michigan,21,1961721,0.5620,21,1459435,0.4181,0,63321,0.0181,0,0,0.00,0
Minnesota,10,898269,0.5158,10,802346,0.4607,0,31407,0.0180,0,0,0.00,0
Mississippi,7,505125,0.7820,7,126782,0.1963,0,11598,0.0180,0,0,0.00,0
Missouri,12,1154058,0.6229,12,698531,0.3771,0,0,0,00,0,0.00,0
Montana,4,183976,0.5793,4,120197,0.3785,0,13430,0.0423,0,0,0.00,0
Nebraska,5,406298,0.7050,5,169991,0.2950,0,0,0,00,0,0.00,0,
Nevada,3,115750,0.6368,3,66016,0.3632,0,0,0,00,0,0.00,0
New Hampshire,4,213724,0.6398,4,116435,0.3486,0,3386,0.0101,0,0,0.00,0
New Jersey,17,1845502,0.6157,17,1102211,0.3677,0,34378,0.0115,0,0,0.00,0
New Mexico,4,235606,0.6105,4,141084,0.3656,0,8767,0.0227,0,0,0.00,0
New York,41,4192778,0.5854,41,2951084,0.4121,0,0,0,00,0,0.00,0
North Carolina,13,1054889,0.6946,13,438705,0.2889,0,25018,0.0165,0,0,0.00,0
North Dakota,3,174109,0.6207,3,100384,0.3579,0,5646,0.0201,0,0,0.00,0
Ohio,25,2441827,0.5963,25,1558889,0.3807,0,80067,0.0196,0,0,0.00,0
Oklahoma,8,759025,0.7370,8,247147,0.2400,0,23728,0.0230,0,0,0.00,0
Oregon,6,486686,0.5245,6,392760,0.4233,0,46211,0.0498,0,0,0.00,0
Pennsylvania,27,2714521,0.5911,27,1796951,0.3913,0,70593,0.0154,0,0,0.00,0
Rhode Island,4,220383,0.5300,4,194645,0.4681,0,25,0.0001,0,2,0.0000,0
South Carolina,8,478427,0.7058,8,189270,0.2792,0,10166,0.0150,0,0,0.00,0
South Dakota,4,166476,0.5415,4,139945,0.4552,0,0,0,00,0,0.00,0
Tennessee,10,813147,0.6770,10,357293,0.2975,0,30373,0.0253,0,0,0.00,0
Texas,26,2298896,0.6620,26,1154291,0.3324,0,7098,0.0020,0,0,0.00,0
Utah,4,323643,0.6764,4,126284,0.2639,0,28549,0.0597,0,0,0.00,0
Vermont,3,117149,0.6266,3,68174,0.3647,0,0,0,00,0,0.00,0
Virginia,12,988493,0.6784,11,438887,0.3012,0,19721,0.0135,0,0,0.00,1
Washington,9,837135,0.5692,9,568334,0.3864,0,58906,0.0400,0,1537,0.0010,0
West Virginia,6,484964,0.6361,6,277435,0.3639,0,0,0,00,0,0.00,0
Wisconsin,11,989430,0.5340,11,810174,0.4372,0,47525,0.0256,0,0,0.00,0
Wyoming,3,100464,0.6901,3,44358,0.3047,0,748,0.0051,0,0,0.00,0
Total,538,47168710,0.6067,520,29173222,0.3752,17,1100868,0.0142,0,3674,0.000,1
