Ronald Reagan,Republican,Jimmy Carter,Democrat,John Anderson,Independent,Ed Clark,Libertarian
Alabama,9,654192,0.4875,9,636730,0.4745,0,16481,0.0123,0,13318,0.0099,0
Alaska,3,86112,0.5435,3,41842,0.2641,0,11155,0.0704,0,18479,0.01166,0
Arizona,6,529688,0.6061,6,246843,0.2824,0,76952,0.0881,0,18784,0.0215,0
Arkansas,6,403164,0.4813,6,398041,0.4752,0,22468,0.0268,0,8970,0.0107,0
California,45,4524858,0.5269,45,3083661,0.3591,0,739833,0.0862,0,148434,0.0173,0
Colorado,7,652264,0.5507,7,367973,0.3107,0,130633,0.01103,0,25744,0.0217,0
Connecticut,8,677210,0.4816,8,541732,0.3852,0,171807,0.01222,0,8570,0.0061,0
Delaware,3,111252,0.4721,3,105754,0.4487,0,16288,0.0691,0,1974,0.0084,0
D.C,3,23313,0.1341,0,130231,0.7489,3,16131,0.0928,0,1104,0.0063,0
Florida,17,2046951,0.5552,17,1419475,0.3850,0,189692,0.0514,0,30524,0.0083,0
Georgia,12,654168,0.4095,0,890733,0.5576,12,36055,0.0226,0,15627,0.0098,0
Hawaii,4,130112,0.4290,0,135879,0.4480,4,32021,0.01056,0,3269,0.0108,0
Idaho,4,290699,0.6646,4,110192,0.2519,0,27058,0.0619,0,8425,0.0193,0
Illinois,26,2358049,0.4965,26,1981413,0.4172,0,346754,0.0730,0,38939,0.0082,0
Indiana,13,1255656,0.5601,13,844197,0.3765,0,111639,0.0498,0,19627,0.0088,0
Iowa,8,676026,0.5131,8,508672,0.3860,0,115633,0.0878,0,13123,0.0100,0
Kansas,7,566812,0.5785,7,326150,0.3329,0,68231,0.0696,0,14470,0.0148,0
Kentucky,9,635274,0.4907,9,616417,0.4761,0,31127,0.0240,0,5531,0.0043,0
Louisiana,10,792853,0.5120,10,708453,0.4575,0,26345,0.0170,0,8240,0.0053,0
Maine,4,238522,0.4561,4,220974,0.4225,0,53327,0.01020,0,5119,0.0098,0
Maryland,10,680606,0.4418,0,726161,0.4714,10,119537,0.0776,0,14192,0.0092,0
Massachusetts,14,1057631,0.4190,14,1053802,0.4175,0,382539,0.01515,0,22038,0.0087,0
Michigan,21,1915225,0.4899,21,1661532,0.4250,0,275223,0.0704,0,41597,0.0106,0
Minnesota,10,873241,0.4256,0,954174,0.4650,10,174990,0.0853,0,31592,0.0154,0
Mississippi,7,441089,0.4942,7,429281,0.4809,0,12036,0.0135,0,5465,0.0061,0
Missouri,12,1074181,0.5116,12,931182,0.4435,0,77920,0.0371,0,14422,0.0069,0
Montana,4,206814,0.5682,4,118032,0.3243,0,29281,0.0805,0,9825,0.0270,0
Nebraska,5,419937,0.6553,5,166851,0.2604,0,44993,0.0702,0,9073,0.0142,0
Nevada,3,155017,0.6254,3,66666,0.2689,0,17651,0.0712,0,4358,0.0176,0
New Hampshire,4,221705,0.5774,4,108864,0.2835,0,49693,0.01294,0,2067,0.0054,0
New Jersey,17,1546557,0.5197,17,1147364,0.3856,0,234632,0.0788,0,20652,0.0069,0
New Mexico,4,250779,0.5497,4,167826,0.3678,0,29459,0.0646,0,4365,0.0096,0
New York,41,2893831,0.4666,41,2728372,0.4399,0,467801,0.0754,0,52648,0.0085,0
North Carolina,13,915018,0.4930,13,875635,0.4718,0,52800,0.0285,0,9677,0.0052,0
North Dakota,3,193695,0.6423,3,79189,0.2626,0,23640,0.0784,0,3743,0.0124,0
Ohio,25,2206545,0.5151,25,1752414,0.4091,0,254472,0.0594,0,49033,0.0114,0
Oklahoma,8,695570,0.6050,8,402026,0.3497,0,38284,0.0333,0,13828,0.0120,0
Oregon,6,571044,0.4833,6,456890,0.3867,0,112389,0.0951,0,25838,0.0219,0
Pennsylvania,27,2261872,0.4959,27,1937540,0.4248,0,292921,0.0642,0,33263,0.0073,0
Rhode Island,4,154793,0.3720,0,198342,0.4767,4,59819,0.01438,0,2458,0.0059,0
South Carolina,8,441207,0.4957,8,427560,0.4804,0,14150,0.0159,0,4975,0.0056,0
South Dakota,4,198343,0.6053,4,103855,0.3169,0,21431,0.0654,0,3824,0.0117,0
Tennessee,10,787761,0.4870,10,783051,0.4841,0,35991,0.0222,0,7116,0.0044,0
Texas,26,2510705,0.5528,26,1881147,0.4142,0,111613,0.0246,0,37643,0.0083,0
Utah,4,439687,0.7277,4,124266,0.2057,0,30284,0.0501,0,7226,0.0120,0
Vermont,3,94598,0.4437,3,81891,0.3841,0,31760,0.01490,0,1900,0.0089,0
Virginia,12,989609,0.5303,12,752174,0.4031,0,95418,0.0511,0,12821,0.0069,0
Washington,9,865244,0.4966,9,650193,0.3732,0,185073,0.01062,0,29213,0.0168,0
West Virginia,6,334206,0.4530,0,367462,0.4981,6,31691,0.0430,0,4356,0.0059,0
Wisconsin,11,1088845,0.4790,11,981584,0.4318,0,160657,0.0707,0,29135,0.0128,0
Wyoming,3,110700,0.6264,3,49427,0.2797,0,12072,0.0683,0,4514,0.0255,0
Total,538,43903230,0.5075,489,35480115,0.4101,49,5719850,0.0661,0,921128,0.0106,0
