Bill Clinton,Democrat,George H.W. Bush,Republican,Ross Perot,Independent,Andre Marrou,Libertarian,Others,Other
Alabama,9,690080,0.40880,804283,0.4765,9,183109,0.1085,0,5737,0.0034,0,4851,0.0029,0
Alaska,3,78294,0.30290,102000,0.3946,3,73481,0.2843,0,1378,0.0053,0,3353,0.0129,0
Arizona,8,543050,0.36520,572086,0.3847,8,353741,0.2379,0,6781,0.0046,0,11348,0.0076,0
Arkansas,6,505823,0.5321,6,337324,0.35480,99132,0.1043,0,1261,0.0013,0,7113,0.0075,0
California,54,5121325,0.4601,54,3630574,0.32610,2296006,0.2063,0,48139,0.0043,0,35677,0.0032,0
Colorado,8,629681,0.4013,8,562850,0.35870,366010,0.2332,0,8669,0.0055,0,1970,0.0013,0
Connecticut,8,682318,0.4221,8,578313,0.35780,348771,0.2158,0,5391,0.0033,0,1539,0.0010,0
Delaware,3,126054,0.4352,3,102313,0.35780,59213,0.2045,0,935,0.0032,0,1105,0.0038,0
D.C,3,192619,0.8464,3,20698,0.9100,9681,0.0425,0,467,0.0021,0,4107,0.0180,0
Florida,25,2072698,0.39000,2173310,0.4089,25,1053067,0.1982,0,15079,0.0028,0,238,0.0000,0
Georgia,13,1008966,0.4347,13,995252,0.42880,309657,0.1334,0,7110,0.0031,0,148,0.0001,0
Hawaii,4,179310,0.4809,4,136822,0.36700,53003,0.1422,0,1119,0.0030,0,2588,0.0069,0
Idaho,4,137013,0.28420,202645,0.4203,4,130395,0.2705,0,1167,0.0024,0,10894,0.0226,0
Illinois,22,2453350,0.4858,22,1734096,0.34340,840515,0.1664,0,9218,0.0018,0,12978,0.0026,0
Indiana,12,848420,0.36790,989375,0.4291,12,455934,0.1977,0,7936,0.0034,0,4206,0.0018,0
Iowa,7,586353,0.4329,7,504891,0.37270,253468,0.1871,0,1076,0.0008,0,8819,0.0065,0
Kansas,6,390434,0.33740,449951,0.3888,6,312358,0.2699,0,4314,0.0037,0,199,0.0002,0
Kentucky,8,665104,0.4455,8,617178,0.41340,203944,0.1366,0,4513,0.0030,0,2161,0.0014,0
Louisiana,9,815971,0.4558,9,733386,0.40970,211478,0.1181,0,3155,0.0018,0,26027,0.0145,0
Maine,4,263420,0.3877,4,206504,0.30390,206820,0.3044,0,1681,0.0025,0,1074,0.0016,0
Maryland,10,988571,0.4980,10,707094,0.35620,281414,0.1418,0,4715,0.0024,0,3252,0.0016,0
Massachusetts,12,1318662,0.4754,12,805049,0.29030,632312,0.2280,7458,0,0.0027,10093,0,0.0036,513613,0
Michigan,18,1871182,0.4377,18,1554940,0.36380,824813,0.1930,0,10175,0.0024,0,13563,0.0032,0
Minnesota,10,1020997,0.4348,10,747841,0.31850,562506,0.2396,0,3374,0.0014,0,13230,0.0056,0
Mississippi,7,400258,0.40770,487793,0.4968,7,85626,0.0872,0,2154,0.0022,0,5962,0.0061,0
Missouri,11,1053873,0.4407,11,811159,0.3392,0,518741,0.2169,0,7497,0.0031,0,0,0
Montana,3,154507,0.3763,3,144207,0.35120,107225,0.2612,0,986,0.0024,0,3658,0.0089,0
Nebraska,5,217344,0.29400,344346,0.4658,5,174687,0.2363,0,1344,0.0018,0,1562,0.0021,0
Nevada,4,189148,0.3736,4,175828,0.34730,132580,0.2619,0,1835,0.0036,0,6927,0.0137,0
New Hampshire,4,209040,0.3891,4,202484,0.37690,121337,0.2259,0,3548,0.0066,0,806,0.0015,0
New Jersey,15,1436206,0.4295,15,1356865,0.40580,521829,0.1561,0,6822,0.0020,0,21872,0.0065,0
New Mexico,5,261617,0.4590,5,212824,0.37340,91895,0.1612,0,1615,0.0028,0,2035,0.0036,0
New York,33,3444450,0.4973,33,2346649,0.33880,1090721,0.1575,0,13451,0.0019,0,31654,0.0046,0
North Carolina,14,1114042,0.42650,1134661,0.4344,14,357864,0.1370,0,5171,0.0020,0,112,0.000,0
North Dakota,3,99168,0.32180,136244,0.4422,3,71084,0.2307,0,416,0.0014,0,1221,0.0040,0
Ohio,21,1984942,0.4018,21,1894310,0.38350,1036426,0.2098,0,7252,0.0015,0,17034,0.0034,0
Oklahoma,8,473066,0.34020,592929,0.4265,8,0,319878,0.2301,0,4486,0.0032,0,0,0.0,0
Oregon,7,621314,0.4248,7,475757,0.32530,354091,0.2421,0,4277,0.0029,0,7204,0.0049,0
Pennsylvania,23,2239164,0.4515,23,1791841,0.36130,902667,0.1820,0,21477,0.0043,0,4661,0.0009,0
Rhode Island,4,213299,0.4704,4,131601,0.29020,105045,0.2316,0,571,0.0013,0,2961,0.0065,0
South Carolina,8,479514,0.39880,577507,0.4802,8,138872,0.1155,0,2719,0.0023,0,3915,0.0033,0
South Dakota,3,124888,0.37140,136718,0.4066,3,73295,0.2180,814,0.0024,539,0.0016
Tennessee,11,933521,0.4708,11,841300,0.42430,199968,0.1009,1847,0.0009,6002,0.0030
Texas,32,2281815,0.37080,2496071,0.4056,32,1354781,0.2201,0,19699,0.0032,0,1652,0.0003,0
Utah,5,183429,0.24650,322632,0.4336,5,203400,0.2734,0,1900,0.0026,0,32637,0.0439,0
Vermont,3,133592,0.4611,3,88122,0.30420,65991,0.2278,0,501,0.0017,0,1495,0.0052,0
Virginia,13,1038650,0.40590,1150517,0.4497,13,348639,0.1363,0,5730,0.0022,0,15129,0.0059,0
Washington,11,993037,0.4341,11,731234,0.31970,541780,0.2368,0,7533,0.0033,0,13981,0.0061,0
West Virginia,5,331001,0.4841,5,241974,0.35390,0,108829,0.1591,0,1873,0.0027,0,0,0.0,0
Wisconsin,11,1041066,0.4113,11,930855,0.36780,544479,0.2151,0,2877,0.0011,0,11837,0.0047,0
Wyoming,3,68160,0.34100,79347,0.3970,3,51263,0.2565,0,844,0.0042,0,270,0.0014,0
Total,538,44909889,0.4301,370,39104550,0.3745,168,19743821,0.1891,0,290087,0.0028,0,375659,0.0036,0
