George W. Bush,Republican,Al Gore,Democrat,Ralph Nader,Green,Pat Buchanan,Reform,Harry Browne,Libertarian,Howard Phillips,Constitution,John Hagelin,Natural Law,Others,Other
Alabama,9,941173,0.5648,9,692611,0.4157,0,18323,0.0110,0,6351,0.0038,0,5893,0.0035,0,775,0.0005,0,447,0.0003,0,699,0.0004,0
Alaska,3,167398,0.5862,3,79004,0.2767,0,28747,0.1007,0,5192,0.0182,0,2636,0.0092,0,596,0.0021,0,919,0.0032,0,1068,0.0037,0
Arizona,8,781652,0.5102,8,685341,0.4473,0,45645,0.0298,0,12373,0.0081,0,0,0.00,0,110,0.0001,0,1120,0.0007,0,5775,0.0038,0
Arkansas,6,472940,0.5131,6,422768,0.4586,0,13421,0.0146,0,7358,0.0080,0,2781,0.0030,0,1415,0.0015,0,1098,0.0012,0,0,0.00,0
California,54,4567429,0.4165,0,5861203,0.5345,54,418707,0.0382,0,44987,0.0041,0,45520,0.0042,0,17042,0.0016,0,10934,0.0010,0,34,0.0000,0
Colorado,8,883748,0.5075,8,738227,0.4239,0,91434,0.0525,0,10465,0.0060,0,12799,0.0073,0,1319,0.0008,0,2240,0.0013,0,1136,0.0007,0
Connecticut,8,561094,0.3844,0,816015,0.5591,8,64452,0.0442,0,4731,0.0032,0,3484,0.0024,0,9695,0.0066,0,40,0.0000,0,14,0.0000,0
Delaware,3,137288,0.4190,0,180068,0.5496,3,8307,0.0254,0,777,0.0024,0,774,0.0024,0,208,0.0006,0,107,0.0003,0,93,0.0003,0
D.C,3,18073,0.895,0,171923,0.8516,2,10576,0.0524,0,0,0.00,0,669,0.0033,0,0,0.00,0,0.00,0,0,653,0.0032,1
Florida,25,2912790,0.4885,25,2912253,0.4884,0,97488,0.0163,0,17484,0.0029,0,16415,0.0028,0,1371,0.0002,0,2281,0.0004,0,3028,0.0005,0
Georgia,13,1419720,0.5467,13,1116230,0.4298,0,13432,0.0052,0,10926,0.0042,0,36332,0.0140,0,140,0.0001,0,0,0.00,0,24,0.0000,0
Hawaii,4,137845,0.3746,0,205286,0.5579,4,21623,0.588,0,1071,0.029,0,1477,0.040,0,343,0.009,0,306,0.008,0,0,0.0,04,137845,0.3746,0,205286,0.5579,4,21623,0.0588,0,1071,0.0029,0,1477,0.0040,0,343,0.0009,0,306,0.0008,0,0,0.00,0
Idaho,4,336937,0.6717,4,138637,0.2764,0,12292,0.0245,0,7615,0.0152,0,3488,0.0070,0,1469,0.0029,0,1177,0.0023,0,6,0.0000,0
Illinois,22,2019421,0.4258,0,2589026,0.5460,22,103759,0.0219,0,16106,0.0034,0,11623,0.0025,0,57,0.0000,0,2127,0.0004,0,4,0.0000,0
Indiana,12,1245836,0.5665,12,901980,0.4101,0,18531,0.0084,0,16959,0.0077,0,15530,0.0071,0,200,0.0001,0,167,0.0001,0,99,0.0000,0
Iowa,7,634373,0.4822,0,638517,0.4854,7,29374,0.0223,0,5731,0.0044,0,3209,0.0024,0,613,0.0005,0,2281,0.0017,0,1465,0.0011,0
Kansas,6,622332,0.5804,6,399276,0.3724,0,36086,0.0337,0,7370,0.0069,0,4525,0.0042,0,1254,0.0012,0,1375,0.0013,0,0,0.00,0
Kentucky,8,872492,0.5650,8,638898,0.4137,0,23192,0.0150,0,4173,0.0027,0,2896,0.0019,0,923,0.0006,0,1533,0.0010,0,80,0.0001,0
Louisiana,9,927871,0.5255,9,792344,0.4488,0,20473,0.0116,0,14356,0.0081,0,2951,0.0017,0,5483,0.0031,0,1075,0.0006,0,1103,0.0006,0
Maine,2,286616,0.4397,0,319951,0.4909,4,37127,0.0570,0,4443,0.0068,0,3074,0.0047,0,579,0.0009,0,0,0.00,0,27,0.0000,0
ME-1,1,148618,0.4259,176293,0.05052,20297,0.0582,1994,0.0057,1479,0.0042,253,0.0007,0,0,17,0.0000
ME-2,1,137998,0.4556,143658,0.04743,16830,0.0556,2449,0.0081,1595,0.0053,326,0.0011,0,0,10,0.0000
Maryland,10,813797,0.4018,0,1145782,0.5657,10,53768,0.0265,0,4248,0.0021,0,5310,0.0026,0,919,0.0005,0,176,0.0001,0,1480,0.0007,0
Massachusetts,12,878502,0.3250,0,1616487,0.5980,12,173564,0.0642,0,11149,0.0041,0,16366,0.0061,0,0,0.00,0,2884,0.0011,0,4032,0.0015,0
Michigan,18,1953139,0.4615,0,2170418,0.5128,18,84165,0.0199,0,1851,0.0004,0,16711,0.0039,0,3791,0.0009,0,2426,0.0006,0,0,0.00,0
Minnesota,10,1109659,0.4550,0,1168266,0.4791,10,126696,0.0520,0,22166,0.0091,0,5282,0.0022,0,3272,0.0013,0,2294,0.0009,0,1050,0.0004,0
Mississippi,7,572844,0.5762,7,404614,0.4070,0,8122,0.0082,0,2265,0.0023,0,2009,0.0020,0,3267,0.0033,0,450,0.0005,0,613,0.0006,0
Missouri,11,1189924,0.5042,11,1111138,0.4708,0,38515,0.0163,0,9818,0.0042,0,7436,0.0032,0,1957,0.0008,0,1104,0.0005,0,0,0.00,0
Montana,3,240178,0.5844,3,137126,0.3336,0,24437,0.0595,0,5697,0.0139,0,1718,0.0042,0,1155,0.0028,0,675,0.0016,0,11,0.0000,0
Nebraska,2,433862,0.6225,5,231780,0.3325,0,24540,0.0352,0,3646,0.0052,0,2245,0.0032,0,468,0.0007,0,478,0.0007,0,0,0.00,0
NE-1,1,142562,0.5890,86946,0.03592,10085,0.0417,1324,0.0055,754,0.0031,167,0.0007,185,0.0008,0,0
NE-2,1,131485,0.5692,88975,0.03852,8495,0.0368,845,0.0037,925,0.0040,146,0.0006,141,0.0006,0,0
NE-3,1,159815,0.7135,55859,0.02494,5960,0.0266,1477,0.0066,566,0.0025,155,0.0007,152,0.0007,0,0
Nevada,4,301575,0.4952,4,279978,0.4598,0,15008,0.0246,0,4747,0.0078,0,3311,0.0054,0,621,0.0010,0,415,0.0007,0,3315,0.0054,0
New Hampshire,4,273559,0.4807,4,266348,0.4680,0,22198,0.0390,0,2615,0.0046,0,2757,0.0048,0,328,0.0006,0,55,0.0001,0,1221,0.0021,0
New Jersey,15,1284173,0.4029,0,1788850,0.5613,15,94554,0.0297,0,6989,0.0022,0,6312,0.0020,0,1409,0.0004,0,2215,0.0007,0,2724,0.0009,0
New Mexico,5,286417,0.4785,0,286783,0.4791,5,21251,0.0355,0,1392,0.0023,0,2058,0.0034,0,343,0.0006,0,361,0.0006,0,0,0.00,0
New York,33,2403374,0.3523,0,4107697,0.6021,33,244030,0.0358,0,31599,0.0046,0,7649,0.0011,0,1498,0.0002,0,24361,0.0036,0,1791,0.0003,0
North Carolina,14,1631163,0.5603,14,1257692,0.4320,0,0.00,0,0,8874,0.0030,0,12307,0.0042,0,0,0.00,0,0.00,0,0,1226,0.0004,0
North Dakota,3,174852,0.6066,3,95284,0.3306,0,9486,0.0329,0,7288,0.0253,0,660,0.0023,0,373,0.0013,0,313,0.0011,0,0,0.00,0
Ohio,21,2351209,0.4997,21,2186190,0.4646,0,117857,0.0250,0,26724,0.0057,0,13475,0.0029,0,3823,0.0008,0,6169,0.0013,0,10,0.0000,0
Oklahoma,8,744337,0.6031,8,474276,0.3843,0,0,0.0,0,9014,0.0073,0,6602,0.0053,0,0,0.00,0,0.00,0,0.00,0,0.00,0
Oregon,7,713577,0.4652,0,720342,0.4696,7,77357,0.0504,0,7063,0.0046,0,7447,0.0049,0,2189,0.0014,0,2574,0.0017,0,3419,0.0022,0
Pennsylvania,23,2281127,0.4643,0,2485967,0.5060,23,103392,0.0210,0,16023,0.0033,0,11248,0.0023,0,14428,0.0029,0,0,0.00,0,934,0.0002,0
Rhode Island,4,130555,0.3191,0,249508,0.6099,4,25052,0.0612,0,2273,0.0056,0,742,0.0018,0,97,0.0002,0,271,0.0007,0,614,0.0015,0
South Carolina,8,785937,0.5684,8,565561,0.4090,0,20200,0.0146,0,3519,0.0025,0,4876,0.0035,0,1682,0.0012,0,942,0.0007,0,0,0.00,0
South Dakota,3,190700,0.6030,3,118804,0.3756,0,0,0.00,0,3322,0.0105,0,1662,0.0053,0,1781,0.0056,0,0,0.00,0,0.00,0,0
Tennessee,11,1061949,0.5115,11,981720,0.4728,0,19781,0.0095,0,4250,0.0020,0,4284,0.0021,0,1015,0.0005,0,613,0.0003,0,2569,0.0012,0
Texas,32,3799639,0.5930,32,2433746,0.3798,0,137994,0.0215,0,12394,0.0019,0,23160,0.0036,0,567,0.0001,0,0,0.00,0,137,0.0000,0
Utah,5,515096,0.6683,5,203053,0.2634,0,35850,0.0465,0,9319,0.0121,0,3616,0.0047,0,2709,0.0035,0,763,0.0010,0,348,0.0005,0
Vermont,3,119775,0.4070,0,149022,0.5063,3,20374,0.0692,0,2192,0.0074,0,784,0.0027,0,153,0.0005,0,219,0.0007,0,1789,0.0061,0
Virginia,13,1437490,0.5247,13,1217290,0.4444,0,59398,0.0217,0,5455,0.0020,0,15198,0.0055,0,1809,0.0007,0,171,0.0001,0,2636,0.0010,0
Washington,11,1108864,0.4458,0,1247652,0.5016,11,103002,0.0414,0,7171,0.0029,0,13135,0.0053,0,1989,0.0008,0,2927,0.0012,0,2693,0.0011,0
West Virginia,5,336475,0.5192,5,295497,0.4559,0,10680,0.0165,0,3169,0.0049,0,1912,0.0030,0,23,0.0000,0,367,0.0006,0,1,0.0000,0
Wisconsin,11,1237279,0.4761,0,1242987,0.4783,11,94070,0.0362,0,11471,0.0044,0,6640,0.0026,0,2042,0.0008,0,853,0.0003,0,3265,0.0013,0
Wyoming,3,147947,0.6776,3,60481,0.2770,0,4625,0.0212,0,2724,0.0125,0,1443,0.0066,0,720,0.0033,0,411,0.0019,0,0,0.00,0
Total,538,50456002,0.4787,271,50999897,0.4838,267,2882955,0.0274,0,448895,0.0043,0,384431★,0.0036★,0,98020,0.0009,0,83714,0.0008,0,51186,0.0005,0
