George W. Bush,Republican,John Kerry,Democrat,Ralph Nader,Independent / Reform,Michael Badnarik,Libertarian,Michael Peroutka,Constitution,David Cobb,Green,Others,Other
Alabama,9,1176394,0.6246,9,693933,0.3684,0,6701,0.0036,0,3529,0.0019,0,1994,0.0011,0,0,0.0000,0,898,0.0005,0
Alaska,3,190889,0.6107,3,111025,0.3552,0,5069,0.0162,0,1675,0.0054,0,2092,0.0067,0,1058,0.0034,0,790,0.0025,0
Arizona,10,1104294,0.5487,10,893524,0.4440,0,2773,0.0014,0,11856,0.0059,0,0,0.0000,0,138,0.0001,0,0,0.0000,0
Arkansas,6,572898,0.5431,6,469953,0.4455,0,6171,0.0058,0,2352,0.0022,0,2083,0.0020,0,1488,0.0014,0,0,0.0000,0
California,55,5509826,0.4436,0,6745485,0.5431,55,20714,0.0017,0,50165,0.0040,0,26645,0.0021,0,40771,0.0033,0,27747,0.0022,0
Colorado,9,1101255,0.5169,9,1001732,0.4702,0,12718,0.0060,0,7664,0.0036,0,2562,0.0012,0,1591,0.0007,0,2808,0.0013,0
Connecticut,7,693826,0.4395,0,857488,0.5431,7,12969,0.0082,0,3367,0.0021,0,1543,0.0010,0,9564,0.0061,0,12,0.0000,0
Delaware,3,171660,0.4575,0,200152,0.5335,3,2153,0.0057,0,586,0.0016,0,289,0.0008,0,250,0.0007,0,100,0.0003,0
D.C,3,21256,0.934,0,202970,0.8918,3,1485,0.0065,0,502,0.0022,0,0,0.0000,0,737,0.0032,0,636,0.0028,0
Florida,27,3964522,0.5210,27,3583544,0.4709,0,32971,0.0043,0,11996,0.0016,0,6626,0.0009,0,3917,0.0005,0,6234,0.0008,0
Georgia,15,1914254,0.5797,15,1366149,0.4137,0,2231,0.0007,0,18387,0.0056,0,580,0.0002,0,228,0.0001,0,46,0.0000,0
Hawaii,4,194191,0.4526,0,231708,0.5401,4,0,0.0000,0,1377,0.0032,0,0,0.0000,0,1737,0.0040,0,0,0.0000,0
Idaho,4,409235,0.6838,4,181098,0.3026,0,1115,0.0019,0,3844,0.0064,0,3084,0.0052,0,58,0.0001,0,13,0.0000,0,
Illinois,21,2345946,0.4448,0,2891550,0.5482,21,3571,0.0007,0,32442,0.0062,0,440,0.0001,0,241,0.0000,0,132,0.0000,0
Indiana,11,1479438,0.5994,11,969011,0.3926,0,1328,0.0005,0,18058,0.0073,0,0,0.0000,0,102,0.0000,0,65,0.0000,0,
Iowa,7,751957,0.4990,7,741898,0.4923,0,5973,0.0040,0,2992,0.0020,0,1304,0.0009,0,1141,0.0008,0,1643,0.0011,0
Kansas,6,736456,0.6200,6,434993,0.3662,0,9348,0.0079,0,4013,0.0034,0,2899,0.0024,0,33,0.0000,0,14,0.0000,0
Kentucky,8,1069439,0.5955,8,712733,0.3969,0,8856,0.0049,0,2619,0.0015,0,2213,0.0012,0,0,0.0000,0,22,0.0000,0,
Louisiana,9,1102169,0.5672,9,820299,0.4222,0,7032,0.0036,0,2781,0.0014,0,5203,0.0027,0,1276,0.0007,0,4346,0.0022,0
Maine,2,330201,0.4458,0,396842,0.5357,4,8069,0.0109,0,1965,0.0027,0,735,0.0010,0,2936,0.0040,0,4,0.0000,0
ME-1,1,165824,0.4314,211703,0.05507,4004,0.0104,1047,0.0027,346,0.0009,1468,0.0038,0,0,
ME-2,1,164377,0.4613,185139,0.05195,4065,0.0114,918,0.0026,389,0.0011,1468,0.0041,0,0
Maryland,10,1024703,0.4293,0,1334493,0.5591,10,11854,0.0050,0,6094,0.0026,0,3421,0.0014,0,3632,0.0015,0,2481,0.0010,0
Massachusetts,12,1071109,0.3678,0,1803800,0.6194,12,4806,0.0017,0,15022,0.0052,0,0,0.0000,0,10623,0.0036,0,7028,0.0024,0
Michigan,17,2313746,0.4781,0,2479183,0.5123,17,24035,0.0050,0,10552,0.0022,0,4980,0.0010,0,5325,0.0011,0,1431,0.0003,0
Minnesota,10,1346695,0.4761,0,1445014,0.5109,9,18683,0.0066,0,4639,0.0016,0,3074,0.0011,0,4408,0.0016,0,5874,0.0021,0
Mississippi,6,684981,0.5945,6,458094,0.3976,0,3177,0.0028,0,1793,0.0016,0,1759,0.0015,0,1073,0.0009,0,1268,0.0011,0,
Missouri,11,1455713,0.5330,11,1259171,0.4610,0,1294,0.0005,0,9831,0.0036,0,5355,0.0020,0,0,0.0000,0,0,0.0000,0
Montana,3,266063,0.5907,3,173710,0.3856,0,6168,0.0137,0,1733,0.0038,0,1764,0.0039,0,996,0.0022,0,11,0.0000,0
Nebraska,2,512814,0.6590,5,254328,0.3268,0,5698,0.0073,0,2041,0.0026,0,1314,0.0017,0,978,0.0013,0,1013,0.0013,0
NE-1,1,169888,0.6297,96314,0.3570,2025,0.0075,656,0.0024,405,0.0015,453,0.0017,30,0.0001
NE-2,1,153041,0.6024,97858,0.3852,1731,0.0068,813,0.0032,305,0.0012,261,0.0010,23,0.0001
NE-3,1,189885,0.7492,60156,0.2373,1942,0.0077,572,0.0023,604,0.0024,264,0.0010,29,0.0001
Nevada,5,418690,0.5047,5,397190,0.4788,0,4838,0.0058,0,3176,0.0038,0,1152,0.0014,0,853,0.0010,0,3688,0.0044,0
New Hampshire,4,331237,0.4887,0,340511,0.5024,4,4479,0.0066,0,372,0.0005,0,161,0.0002,0,0,0.0000,0,978,0.0014,0
New Jersey,15,1670003,0.4624,0,1911430,0.5292,15,19418,0.0054,0,4514,0.0012,0,2750,0.0008,0,1807,0.0005,0,1769,0.0005,0
New Mexico,5,376930,0.4984,5,370942,0.4905,0,4053,0.0054,0,2382,0.0031,0,771,0.0010,0,1226,0.0016,0,0,0.0000,0,
New York,31,2962567,0.4008,0,4314280,0.5837,31,99873,0.0135,0,11607,0.0016,0,207,0.0000,0,87,0.0000,0,2415,0.0003,0
North Carolina,15,1961166,0.5602,15,1525849,0.4358,0,1805,0.0005,0,11731,0.0034,0,0,0.0000,0,108,0.0000,0,348,0.0001,0,
North Dakota,3,196651,0.6286,3,111052,0.3550,0,3756,0.0120,0,851,0.0027,0,514,0.0016,0,0,0.0000,0,9,0.0000,0
Ohio,20,2859768,0.5081,20,2741167,0.4871,0,0,0.0000,0,14676,0.0026,0,11939,0.0021,0,192,0.0000,0,166,0.0000,0
Oklahoma,7,959792,0.6557,7,503966,0.3443,0,0,0.0000,0,0,0.0000,0,0,0.0000,0,0,0.0000,0,0,0.0000,0
Oregon,7,866831,0.4719,0,943163,0.5135,7,0,0.0000,0,7260,0.0040,0,5257,0.0029,0,5315,0.0029,0,8956,0.0049,0
Pennsylvania,21,2793847,0.4842,0,2938095,0.5092,21,2656,0.0005,0,21185,0.0037,0,6318,0.0011,0,6319,0.0011,0,1170,0.0002,0,
Rhode Island,4,169046,0.3867,0,259765,0.5942,4,4651,0.0106,0,907,0.0021,0,339,0.0008,0,1333,0.0030,0,1093,0.0025,0
South Carolina,8,937974,0.5798,8,661699,0.4090,0,5520,0.0034,0,3608,0.0022,0,5317,0.0033,0,1488,0.0009,0,2124,0.0013,0
South Dakota,3,232584,0.5991,3,149244,0.3844,0,4320,0.0111,0,964,0.0025,0,1103,0.0028,0,0,0.0000,0,0,0.0000,0
Tennessee,11,1384375,0.5680,11,1036477,0.4253,0,8992,0.0037,0,4866,0.0020,0,2570,0.0011,0,33,0.0000,0,6,0.0000,0
Texas,34,4526917,0.6109,34,2832704,0.3822,0,9159,0.0012,0,38787,0.0052,0,1636,0.0002,0,1014,0.0001,0,548,0.0001,0
Utah,5,663742,0.7154,5,241199,0.2600,0,11305,0.0122,0,3375,0.0036,0,6841,0.0074,0,39,0.0000,0,1343,0.0014,0
Vermont,3,121180,0.3880,0,184067,0.5894,3,4494,0.0144,0,1102,0.0035,0,0,0.0000,0,0,0.0000,0,1466,0.0047,0
Virginia,13,1716959,0.5368,13,1454742,0.4548,0,2393,0.0007,0,11032,0.0034,0,10161,0.0032,0,104,0.0000,0,2976,0.0009,0
Washington,11,1304894,0.4564,0,1510201,0.5282,11,23283,0.0081,0,11955,0.0042,0,3922,0.0014,0,2974,0.0010,0,1855,0.0006,0
West Virginia,5,423778,0.5606,5,326541,0.4320,0,4063,0.0054,0,1405,0.0019,0,82,0.0001,0,5,0.0000,0,13,0.0000,0
Wisconsin,10,1478120,0.4932,0,1489504,0.4970,10,16390,0.0055,0,6464,0.0022,0,0,0.0000,0,2661,0.0009,0,3868,0.0013,0
Wyoming,3,167629,0.6886,3,70776,0.2907,0,2741,0.0113,0,1171,0.0048,0,631,0.0026,0,0,0.0000,0,480,0.0020,0
Total,538,62040610,0.5073,286,59028444,0.4827,251,465151,0.0038,0,397265,0.0032,0,143630,0.0012,0,119859,0.0010,0,99887,0.0008,0
