Barack Obama,Democrat,John McCain,Republican,Ralph Nader,Independent,Bob Barr,Libertarian,Chuck Baldwin,Constitution,Cynthia McKinney,Green,Others,Other
Alabama,9,813479,0.3874,0,1266546,0.6032,9,6788,0.0032,0,4991,0.0024,0,4310,0.0021,0,0,0.0000,0,3705,0.0018,0
Alaska,3,123594,0.3789,0,193841,0.5942,3,3783,0.0116,0,1589,0.0049,0,1660,0.0051,0,0,0.0000,0,1730,0.0053,0
Arizona,10,1034707,0.4512,0,1230111,0.5364,10,11301,0.0049,0,12555,0.0055,0,1371,0.0006,0,3406,0.0015,0,24,0.0000,0
Arkansas,6,422310,0.3886,0,638017,0.5872,6,12882,0.0119,0,4776,0.0044,0,4023,0.0037,0,3470,0.0032,0,1139,0.0010,0
California,55,8274473,0.6101,55,5011781,0.3695,0,108381,0.0080,0,67582,0.0050,0,3145,0.0002,0,38774,0.0029,0,57764,0.0043,0
Colorado,9,1288633,0.5366,9,1073629,0.4471,0,13352,0.0056,0,10898,0.0045,0,6233,0.0026,0,2822,0.0012,0,5895,0.0025,0
Connecticut,7,997772,0.6059,7,629428,0.3822,0,19162,0.0116,0,0,0.0000,0,311,0.0002,0,90,0.0001,0,34,0.0000,0
Delaware,3,255459,0.6194,3,152374,0.3695,0,2401,0.0058,0,1109,0.0027,0,626,0.0015,0,385,0.0009,0,58,0.0001,0
D.C,3,245800,0.9246,3,17367,0.653,0,958,0.0036,0,0,0.0000,0,0,0.0000,0,590,0.0022,0,1138,0.0043,0
Florida,27,4282074,0.5103,27,4045624,0.4822,0,28124,0.0034,0,17218,0.0021,0,7915,0.0009,0,2887,0.0003,0,6902,0.0008,0
Georgia,15,1844123,0.4699,0,2048759,0.5220,15,1158,0.0003,0,28731,0.0073,0,1402,0.0004,0,250,0.0001,0,63,0.0000,0
Hawaii,4,325871,0.7185,4,120566,0.2658,0,3825,0.0084,0,1314,0.0029,0,1013,0.0022,0,979,0.0022,0,0,0.0000,0
Idaho,4,236440,0.3609,0,403012,0.6152,4,7175,0.0110,0,3658,0.0056,0,4747,0.0072,0,39,0.0001,0,51,0.0001,0,
Illinois,21,3419348,0.6192,21,2031179,0.3678,0,30948,0.0056,0,19642,0.0036,0,8256,0.0015,0,11838,0.0021,0,1160,0.0002,0
Indiana,11,1374039,0.4995,11,1345648,0.4891,0,909,0.0003,0,29257,0.0106,0,1024,0.0004,0,87,0.0000,0,90,0.0000,0
Iowa,7,828940,0.5393,7,682379,0.4439,0,8014,0.0052,0,4590,0.0030,0,4445,0.0029,0,1423,0.0009,0,7332,0.0048,0
Kansas,6,514765,0.4165,0,699655,0.5661,6,10527,0.0085,0,6706,0.0054,0,4148,0.0034,0,35,0.0000,0,36,0.0000,0
Kentucky,8,751985,0.4117,0,1048462,0.5740,8,15378,0.0084,0,5989,0.0033,0,4694,0.0026,0,0,0.0000,0,112,0.0001,0
Louisiana,9,782989,0.3993,0,1148275,0.5856,9,6997,0.0036,0,0,0.0000,0,2581,0.0013,0,9187,0.0047,0,10732,0.0055,0
Maine,2,421923,0.5771,4,295273,0.4038,0,10636,0.0145,0,251,0.0003,0,177,0.0002,0,2900,0.0040,0,3,0.0000,0
ME_01,1,232145,0.06051,144604,0.03769,5263,0.0137,0,0,0,0,1362,0.0036,252,0.0007
ME_02,1,189778,0.05461,150669,0.04335,5373,0.0155,0,0,0,0,1538,0.0044,179,0.0005
Maryland,10,1629467,0.6192,10,959862,0.3647,0,14713,0.0056,0,9842,0.0037,0,3760,0.0014,0,4747,0.0018,0,9205,0.0035,0
Massachusetts,12,1904097,0.6180,12,1108854,0.3599,0,28841,0.0094,0,13189,0.0043,0,4971,0.0016,0,6550,0.0021,0,14483,0.0047,0
Michigan,17,2872579,0.5743,17,2048639,0.4096,0,33085,0.0066,0,23716,0.0047,0,14685,0.0029,0,8892,0.0018,0,170,0.0000,0
Minnesota,10,1573354,0.5406,10,1275409,0.4382,0,30152,0.0104,0,9174,0.0032,0,6787,0.0023,0,5174,0.0018,0,10319,0.0035,0
Mississippi,6,554662,0.4300,0,724597,0.5618,6,4011,0.0031,0,2529,0.0020,0,2551,0.0020,0,1034,0.0008,0,481,0.0004,0
Missouri,11,1441911,0.4929,0,1445814,0.4943,11,17813,0.0061,0,11386,0.0039,0,8201,0.0028,0,80,0.0000,0,0,0.0000,0
Montana,3,231667,0.4725,0,242763,0.4951,3,3686,0.0075,0,1355,0.0028,0,143,0.0003,0,23,0.0000,0,10665,0.0218,0
Nebraska,2,333319,0.4160,1,452979,0.5653,4,5406,0.0067,0,2740,0.0034,0,2972,0.0037,0,1028,0.0013,0,2837,0.0035,0
NE_01,1,121411,0.4433,148179,0.05410,1963,0.0072,922,0.0034,1024,0.0037,394,0.0014,0,0
NE_02,1,138809,0.4997,135439,0.04875,1628,0.0059,1014,0.0036,599,0.0022,320,0.0012,0,0
NE_03,1,73099,0.2963,169361,0.06864,1815,0.0074,804,0.0033,1349,0.0055,314,0.0013,0,0
Nevada,5,533736,0.5515,5,412827,0.4265,0,6150,0.0064,0,4263,0.0044,0,3194,0.0033,0,1411,0.0015,0,6267,0.0065,0
New Hampshire,4,384826,0.5413,4,316534,0.4452,0,3503,0.0049,0,2217,0.0031,0,226,0.0003,0,40,0.0001,0,3624,0.0051,0
New Jersey,15,2215422,0.5727,15,1613207,0.4170,0,21298,0.0055,0,8441,0.0022,0,3956,0.0010,0,3636,0.0009,0,2277,0.0006,0
New Mexico,5,472422,0.5691,5,346832,0.4178,0,5327,0.0064,0,2428,0.0029,0,1597,0.0019,0,1552,0.0019,0,0,0.0000,0
New York,31,4804945,0.6288,31,2752771,0.3603,0,41249,0.0054,0,19596,0.0026,0,634,0.0001,0,12801,0.0017,0,8935,0.0012,0
North Carolina,15,2142651,0.4970,15,2128474,0.4938,0,1448,0.0003,0,25722,0.0060,0,0,0.0000,0,158,0.0000,0,12336,0.0029,0
North Dakota,3,141278,0.4462,0,168601,0.5325,3,4189,0.0132,0,1354,0.0043,0,1199,0.0038,0,0,0.0000,0,0,0.0000,0
Ohio,3,141278,0.4462,0,168601,0.5325,3,4189,0.0132,0,1354,0.0043,0,1199,0.0038,0,0,0.0000,0,0,0.0000,0
Oklahoma,7,502496,0.3435,0,960165,0.6565,7,0,0.0000,0,0,0.0000,0,0,0.0000,0,0,0.0000,0,0,0.0000,0
Oregon,7,1037291,0.5675,7,738475,0.4040,0,18614,0.0102,0,7635,0.0042,0,7693,0.0042,0,4543,0.0025,0,13613,0.0074,0
Pennsylvania,21,3276363,0.5449,21,2655885,0.4417,0,42977,0.0071,0,19912,0.0033,0,1092,0.0002,0,0,0.0000,0,17043,0.0028,0
Rhode Island,4,296571,0.6286,4,165391,0.3506,0,4829,0.0102,0,1382,0.0029,0,675,0.0014,0,797,0.0017,0,2121,0.0045,0
South Carolina,8,862449,0.4490,0,1034896,0.5387,8,5053,0.0026,0,7283,0.0038,0,6827,0.0036,0,4461,0.0023,0,0,0.0000,0
South Dakota,3,170924,0.4475,0,203054,0.5316,3,4267,0.0112,0,1835,0.0048,0,1895,0.0050,0,0,0.0000,0,0,0.0000,0
Tennessee,11,1087437,0.4183,0,1479178,0.5690,11,11560,0.0044,0,8547,0.0033,0,8191,0.0032,0,2499,0.0010,0,2337,0.0009,0
Texas,34,3528633,0.4368,0,4479328,0.5545,34,5751,0.0007,0,56116,0.0069,0,5708,0.0007,0,909,0.0001,0,1350,0.0002,0
Utah,5,327670,0.3441,0,596030,0.6258,5,8416,0.0088,0,6966,0.0073,0,12012,0.0126,0,982,0.0010,0,294,0.0003,0
Vermont,3,219262,0.6746,3,98974,0.3045,0,3339,0.0103,0,1067,0.0033,0,500,0.0015,0,66,0.0002,0,1838,0.0057,0
Virginia,13,1959532,0.5263,13,1725005,0.4633,0,11483,0.0031,0,11067,0.0030,0,7474,0.0020,0,2344,0.0006,0,6355,0.0017,0
Washington,11,1750848,0.5765,11,1229216,0.4048,0,29489,0.0097,0,12728,0.0042,0,9432,0.0031,0,3819,0.0013,0,1346,0.0004,0
West Virginia,5,303857,0.4259,0,397466,0.5571,5,7219,0.0101,0,0,0.0000,0,2465,0.0035,0,2355,0.0033,0,89,0.0001,0,
Wisconsin,10,1677211,0.5622,10,1262393,0.4231,0,17605,0.0059,0,8858,0.0030,0,5072,0.0017,0,4216,0.0014,0,8062,0.0027,0
Wyoming,3,82868,0.3254,0,164958,0.6478,3,2525,0.0099,0,1594,0.0063,0,1192,0.0047,0,0,0.0000,0,1521,0.0060,0
Total,538,69498516,0.5293,365,59948323,0.4565,173,739034,0.0056,0,523715,0.0040,0,199750,0.0015,0,161797,0.0012,0,242685,0.0018,0
