Barack Obama,Democrat,Mitt Romney,Republican,Gary Johnson,Libertarian,Jill Stein,Green,Others,Other
Alabama,9,795696,0.3836,0,1255925,0.6055,9,12328,0.0059,0,3397,0.0016,0,6992,0.0034,0
Alaska,3,122640,0.4081,0,164676,0.5480,3,7392,0.0246,0,2917,0.0097,0,2870,0.0096,0
Arizona,11,1025232,0.4459,0,1233654,0.5365,11,32100,0.0140,0,7816,0.0034,0,452,0.0002,0
Arkansas,6,394409,0.3688,0,647744,0.6057,6,16276,0.0152,0,9305,0.0087,0,1734,0.0016,0
California,55,7854285,0.6024,55,4839958,0.3712,0,143221,0.0110,0,85638,0.0066,0,115445,0.0089,0
Colorado,9,1323101,0.5149,9,1185243,0.4613,0,35545,0.0138,0,7508,0.0029,0,18121,0.0071,0
Connecticut,7,905083,0.5806,7,634892,0.4073,0,12580,0.0081,0,863,0.0006,0,5542,0.0036,0
Delaware,3,242584,0.5861,3,165484,0.3998,0,3882,0.0094,0,1940,0.0047,0,31,0.0001,0
D.C,3,267070,0.9091,3,21381,0.728,0,2083,0.0071,0,2458,0.0084,0,772,0.0026,0
Florida,29,4237756,0.5001,29,4163447,0.4913,0,44726,0.0053,0,8947,0.0011,0,19303,0.0023,0,
Georgia,16,1773827,0.4548,0,2078688,0.5330,16,45324,0.0116,0,1516,0.0004,0,695,0.0002,0
Hawaii,4,306658,0.7055,4,121015,0.2784,0,3840,0.0088,0,3184,0.0073,0,0,0.00,0
Idaho,4,212787,0.3262,0,420911,0.6453,4,9453,0.0145,0,4402,0.0067,0,4721,0.0072,0
Illinois,20,3019512,0.5760,20,2135216,0.4073,0,56229,0.0107,0,30222,0.0058,0,835,0.0002,0
Indiana,11,1152887,0.4393,0,1420543,0.5413,11,50111,0.0191,0,625,0.0002,0,368,0.0001,0
Iowa,6,822544,0.5199,6,730617,0.4618,0,12926,0.0082,0,3769,0.0024,0,12324,0.0078,0
Kansas,6,440726,0.3799,0,692634,0.5971,6,20456,0.0176,0,714,0.0006,0,5441,0.0047,0
Kentucky,8,679370,0.3780,0,1087190,0.6049,8,17063,0.0095,0,6337,0.0035,0,7252,0.0040,0
Louisiana,8,809141,0.4058,0,1152262,0.5778,8,18157,0.0091,0,6978,0.0035,0,7527,0.0038,0
Maine,2,401306,0.5627,4,292276,0.4098,0,9352,0.0131,0,8119,0.0114,0,2127,0.0030,0
ME-1,1,223035,0.5957,1,142937,0.03818,4501,0.0120,3946,0.0105,0,0,0
ME-2,1,177998,0.5294,1,149215,0.04438,4843,0.0144,4170,0.0124,0,0,0
Maryland,10,1677844,0.6197,10,971869,0.3590,0,30195,0.0112,0,17110,0.0063,0,10309,0.0038,0
Massachusetts,11,1921290,0.6065,11,1188314,0.3751,0,30920,0.0098,0,20691,0.0065,0,6552,0.0021,0
Michigan,16,2564569,0.5421,16,2115256,0.4471,0,7774,0.0016,0,21897,0.0046,0,21465,0.0045,0
Minnesota,10,1546167,0.5265,10,1320225,0.4496,0,35098,0.0120,0,13023,0.0044,0,22048,0.0075,0
Mississippi,6,562949,0.4379,0,710746,0.5529,6,6676,0.0052,0,1588,0.0012,0,3625,0.0028,0
Missouri,10,1223796,0.4438,0,1482440,0.5376,10,43151,0.0156,0,0,0.00,0,7936,0.0029,0
Montana,3,201839,0.4170,0,267928,0.5535,3,14165,0.0293,0,0,0.00,0,116,0.0002,0
Nebraska,5,302081,0.3803,0,475064,0.5980,5,11109,0.0140,0,0.00,0,0,6125,0.0077,0
NE-1,1,108082,0.4083,1,152021,0.05743,3847,0.0145,0,0,762,0.0029
NE-2,1,121889,0.4570,1,140976,0.05285,3393,0.0127,0,0,469,0.0018
NE-3,1,72110,0.2782,1,182067,0.07024,3869,0.0149,0,0,1177,0.0045
Nevada,6,531373,0.5236,6,463567,0.4568,0,10968,0.0108,0,0,0.00,0,9010,0.0089,0
New Hampshire,4,369561,0.5198,4,329918,0.4640,0,8212,0.0116,0,324,0.0005,0,2957,0.0042,0
New Jersey,14,2125101,0.5838,14,1477568,0.4059,0,21045,0.0058,0,9888,0.0027,0,6690,0.0018,0
New Mexico,5,415335,0.5299,5,335788,0.4284,0,27788,0.0355,0,2691,0.0034,0,2156,0.0028,0
New York,29,4485741,0.6335,29,2490431,0.3517,0,47256,0.0067,0,39982,0.0056,0,17749,0.0025,0
North Carolina,15,2178391,0.4835,0,2270395,0.5039,15,44515,0.0099,0,0,0.00,0,12071,0.0027,0
North Dakota,3,124827,0.3869,0,188163,0.5832,3,5231,0.0162,0,1361,0.0042,0,3045,0.0094,0
Ohio,18,2827709,0.5067,18,2661437,0.4769,0,49493,0.0089,0,18573,0.0033,0,23635,0.0042,0
Oklahoma,7,443547,0.3323,0,891325,0.6677,7,0,0.00,0,0,0.00,0,0,0.00,0
Oregon,7,970488,0.5424,7,754175,0.4215,0,24089,0.0135,0,19427,0.0109,0,21091,0.0118,0
Pennsylvania,20,2990274,0.5197,20,2680434,0.4659,0,49991,0.0087,0,21341,0.0037,0,11630,0.0020,0
Rhode Island,4,279677,0.6270,4,157204,0.3524,0,4388,0.0098,0,2421,0.0054,0,2359,0.0053,0
South Carolina,9,865941,0.4409,0,1071645,0.5456,9,16321,0.0083,0,5446,0.0028,0,4765,0.0024,0
South Dakota,3,145039,0.3987,0,210610,0.5789,3,5795,0.0159,0,0,0.00,0,2371,0.0065,0
Tennessee,11,960709,0.3908,0,1462330,0.5948,11,18623,0.0076,0,6515,0.0026,0,10400,0.0042,0
Texas,38,3308124,0.4138,0,4569843,0.5717,38,88580,0.0111,0,24657,0.0031,0,2647,0.0003,0
Utah,6,251813,0.2475,0,740600,0.7279,6,12572,0.0124,0,3817,0.0038,0,8638,0.0085,0
Vermont,3,199239,0.6657,3,92698,0.3097,0,3487,0.0117,0,594,0.0020,0,3272,0.0109,0
Virginia,13,1971820,0.5116,13,1822522,0.4728,0,31216,0.0081,0,8627,0.0022,0,20304,0.0053,0
Washington,12,1755396,0.5616,12,1290670,0.4129,0,42202,0.0135,0,20928,0.0067,0,16320,0.0052,0
West Virginia,5,238269,0.3554,0,417655,0.6230,5,6302,0.0094,0,4406,0.0066,0,3806,0.0057,0
Wisconsin,1,620985,0.5283,10,1407966,0.4589,0,20439,0.0067,0,7665,0.0025,0,11379,0.0037,0
Wyoming,69,286,0.2782,0,170962,0.6864,3,5326,0.0214,0,0,0.00,0,3487,0.0140,0
Total,538,65915795,0.5106,332,60933504,0.4720,206,1275971,0.0099,0,469627,0.0036,0,490510,0.0038,0
